3.694175717476152;0.0	4.206997890168082;0.0	4.189319949460757;0.0	4.09127811872236;0.0	4.159217095123373;0.0	
3.1807135759690413;0.0	4.377933816319511;0.0	3.896533352341992;0.0	4.2759979961935155;0.0	4.131453041008359;0.0	
1.9760413755424282;0.0	4.094750670988903;0.0	4.170006973861964;0.0	4.293522268367369;0.0	4.015978154761984;0.0	
3.0008037355706088;0.0	4.121776024390395;0.0	3.956224912687707;0.0	4.085619077039718;0.0	4.199810305452477;0.0	
3.3979533996095204;0.0	4.248870308706848;0.0	4.12487384816541;0.0	4.062008303081453;0.0	4.305029812660299;0.0	
3.7183890586535937;0.0	4.164205870044662;0.0	4.09643988276877;0.0	4.175998588980051;0.0	4.599313350258373;0.0	
3.6853838781442776;0.0	4.847461093604902;0.0	3.9766480934021677;0.0	4.759991145247546;0.0	5.2800434810070245;0.0	
3.0446326979676117;0.0	4.595480052765219;0.0	4.390254788324927;0.0	4.175676955918963;0.0	4.371475017750023;0.0	
3.228452064110039;0.0	4.01758197579014;0.0	4.173175565639553;0.0	4.0436133456831085;0.0	4.09135084715119;0.0	
3.118984364387094;0.0	4.244391719992771;0.0	4.188405950462103;0.0	4.1432526086533255;0.0	4.156568132120327;0.0	
3.3419853365192833;0.0	4.446853997219172;0.0	3.9966378292755165;0.0	4.1194073960331785;0.0	4.097982376439334;0.0	
2.8187003762438043;0.0	4.226910228289869;0.0	3.9269195490771716;0.0	4.093212868290176;0.0	4.352467511651598;0.0	
3.765876926622897;0.0	4.230341871206827;0.0	3.95059912784496;0.0	4.111375592403517;0.0	4.067930928904442;0.0	
2.3575738480491513;0.0	4.1204373433486765;0.0	4.047649334095831;0.0	4.177287817603319;0.0	4.177501723915668;0.0	
2.631582610566832;0.0	4.650622288201456;0.0	4.106681988337579;0.0	4.236244321473416;0.0	4.121917226058881;0.0	
2.9273802934645334;0.0	4.3357746478269235;0.0	4.13033730923385;0.0	4.140813868723932;0.0	4.018300429586008;0.0	
2.4970833996592208;0.0	4.298126012100489;0.0	4.257832105634932;0.0	4.114587856876477;0.0	4.064425776725464;0.0	
2.946046445578496;0.0	4.466258322142167;0.0	4.299050607800615;0.0	4.14656812688441;0.0	4.036645096286502;0.0	
4.182662563938329;0.0	8.425730718883091;0.0	6.6833447626966835;0.0	6.9340578041504495;0.0	5.589105259339789;0.0	
6.089171686755622;0.0	7.922515419649686;0.0	6.966324167031557;0.0	7.080800822465498;0.0	5.5140654794299;0.0	
5.138492563077096;0.0	8.537559008952146;0.0	7.300822293966669;0.0	6.468631264765234;0.0	6.17675012074036;0.0	
6.728825955213976;0.0	8.22933158417789;0.0	5.686268898004472;0.0	5.940507767536132;0.0	4.845627961685928;0.0	
6.089954977857597;0.0	8.688694276737044;0.0	5.973208310740933;0.0	5.992918855473352;0.0	6.7390373705855895;0.0	
6.080368745179511;0.0	8.723823458632365;0.0	7.265436968491665;0.0	7.589711824186703;0.0	6.747354674043862;0.0	
5.170173681800292;0.0	8.044556994666426;0.0	7.368751174320165;0.0	7.552166645210026;0.0	6.289121507950916;0.0	
5.92485707392328;0.0	8.32984965717939;0.0	7.707791515306693;0.0	7.648610534300454;0.0	6.46114295251586;0.0	
5.881929335101737;0.0	8.501389594019209;0.0	8.169459064004243;0.0	7.76383042085698;0.0	5.485255180863013;0.0	
5.516468578272662;0.0	8.274535620101014;0.0	7.8400777314080585;0.0	7.373461575696527;0.0	5.391397695679684;0.0	
5.602667105802641;0.0	8.079059630317303;0.0	7.092485770207782;0.0	7.019665923391598;0.0	5.208218745186779;0.0	
6.243958205039638;0.0	6.994719079234105;0.0	5.4321502971973405;0.0	5.509644907758472;0.0	5.315018025609524;0.0	
6.111015416125784;0.0	6.2537287363242084;0.0	5.761835096865735;0.0	5.981340986967996;0.0	5.711890232203947;0.0	
4.433801793406079;0.0	5.638180211800568;0.0	5.440069614251669;0.0	5.579527500653411;0.0	5.554103907395555;0.0	
6.804212123792906;0.0	6.751788998011341;0.0	5.691017902696418;0.0	5.878040585968175;0.0	5.296331419557497;0.0	
5.4268173749077935;0.0	6.644012597302129;0.0	6.0817932558648256;0.0	4.557663967678804;0.0	4.434948774008957;0.0	
5.362973184685455;0.0	7.997733793326038;0.0	6.898233222542152;0.0	7.2283171349679725;0.0	5.741131032445998;0.0	
6.025693110816024;0.0	8.33441749001231;0.0	7.530828624482464;0.0	7.138655666458661;0.0	5.357059209653347;0.0	
6.478482370322213;0.0	8.212389540359572;0.0	7.411398898303347;0.0	8.05184936861765;0.0	5.6607910147111;0.0	
5.313031854967334;0.0	6.594871549079483;0.0	6.905825345394361;0.0	7.694182885168006;0.0	5.113279039881717;0.0	
3.9500382664552323;0.0	6.170399221941607;0.0	6.424020701386898;0.0	6.736081313332513;0.0	4.991558664699838;0.0	
3.492325022525683;0.0	5.6699947584571095;0.0	5.351890208087228;0.0	6.15309382775047;0.0	4.664493546951472;0.0	
3.8819920122858043;0.0	5.292971325556827;0.0	5.3463735005888395;0.0	5.319230443527783;0.0	5.020102430174082;0.0	
3.2424799964453355;0.0	4.6488945710601906;0.0	4.358550185803862;0.0	4.534080581753899;0.0	4.283700446217425;0.0	
3.5364033503450356;0.0	4.106875870581648;0.0	4.221602073195322;0.0	4.218669672823212;0.0	4.161711331848531;0.0	
2.965086902658421;0.0	4.349266864520248;0.0	3.9089235850611748;0.0	4.123192609799228;0.0	4.120320826433776;0.0	
3.109463355618964;0.0	4.337655860565777;0.0	3.970798504855173;0.0	4.0958103104764785;0.0	4.246679438713449;0.0	
2.260207299457199;0.0	4.016924075236612;0.0	4.180635055846193;0.0	3.9852610864556284;0.0	4.168324935533098;0.0	
4.1873606076035905;0.0	5.752024671491169;0.0	5.726329361359207;0.0	5.842203304946899;0.0	5.438201477537066;0.0	
2.6259483472460894;0.0	5.094646909251456;0.0	5.455811342738739;0.0	5.482367140864577;0.0	5.1627439374351916;0.0	
3.019659555781197;0.0	4.605872114513193;0.0	4.290193921876942;0.0	4.567389967685874;0.0	4.435395633157071;0.0	
3.683767576813742;0.0	4.913480480077015;0.0	4.723733376986377;0.0	4.850009970510269;0.0	4.287203939204126;0.0	
1.3029460752688038;0.0	5.022859486718351;0.0	4.758389273532117;0.0	4.751016112157209;0.0	4.638026409539704;0.0	
3.346694913284462;0.0	4.816648403865799;0.0	4.187181990867753;0.0	4.4483663735274845;0.0	4.379594697292914;0.0	
4.020888410287161;0.0	5.307870554118763;0.0	5.682522278610832;0.0	5.498243158489363;0.0	4.886803082024172;0.0	
5.404647788185617;0.0	6.366436778449676;0.0	6.794824191303435;0.0	6.383722380236114;0.0	6.126225378529272;0.0	
5.649712399388169;0.0	6.5273733347075655;0.0	6.231030586155059;0.0	6.692980482024684;0.0	6.674172868116752;0.0	
6.503069645243347;0.0	6.18656607467769;0.0	5.88082828013179;0.0	6.336051345547167;0.0	6.187840414294301;0.0	
9.13703490355617;0.0	9.303376658134237;0.0	8.575940352203629;0.0	8.588307917857207;0.0	8.98567237830635;0.0	
8.40035079808029;0.0	8.825827592198443;0.0	8.178680545082992;0.0	8.988046057780378;0.0	9.506710494552705;0.0	
9.428741110344747;0.0	9.600050311224255;0.0	8.67138419371469;0.0	9.667422229712407;0.0	8.887258171653672;0.0	
8.190261831947039;0.0	8.013774350105942;0.0	8.48359476826661;0.0	10.662714311915705;0.0	8.425499032512777;0.0	
7.310073348103702;0.0	8.140498888881622;0.0	7.376237131426182;0.0	10.063284783477382;0.0	9.065233953485878;0.0	
9.299952703659441;0.0	9.485678543748113;0.0	8.765738142014605;0.0	8.300381503289788;0.0	8.614516526069144;0.0	
8.87529198395865;0.0	9.589608993491714;0.0	8.564635006726498;0.0	9.296850308873854;0.0	8.664902137577126;0.0	
8.569833754276237;0.0	8.512139615958864;0.0	8.05414686654368;0.0	9.041075986305435;0.0	8.374276068553398;0.0	
8.62302071799979;0.0	8.657705298122641;0.0	8.216494275734195;0.0	9.70988778638307;0.0	8.625581027132496;0.0	
9.997829331206686;0.0	9.767864407148846;0.0	8.812383776539047;0.0	9.60749061791514;0.0	9.426310016655068;0.0	
9.734351492677135;0.0	9.594815016733326;0.0	8.978029162759224;0.0	9.123774039047722;0.0	8.99162674922338;0.0	
8.672391541619769;0.0	9.277748396388796;0.0	8.05336816032729;0.0	8.569252037886548;0.0	7.447804784457134;0.0	
8.410821971809625;0.0	8.205940439313462;0.0	8.38641805362606;0.0	7.832722456001572;0.0	6.559535590617072;0.0	
3.966090558098739;0.0	4.855233440837777;0.0	5.837238633562745;0.0	4.8054138175200185;0.0	4.3389537959003475;0.0	
3.297622818175143;0.0	5.084007216425862;0.0	4.556716564179831;0.0	4.712206005163028;0.0	4.216945601194414;0.0	
5.448593240948059;0.0	6.380964241178865;0.0	5.15645140818105;0.0	6.251978002638603;0.0	5.671386898642382;0.0	
4.613606926684331;0.0	5.693168287368018;0.0	5.062801620450189;0.0	5.49057831356329;0.0	5.194146183489588;0.0	
4.054960774716102;0.0	4.984903026248005;0.0	4.867278954991091;0.0	5.044327619511666;0.0	4.6427756913715115;0.0	
7.03317045765687;0.0	8.723954851024686;0.0	7.845385223591732;0.0	7.561940253040883;0.0	6.7352649879779385;0.0	
7.08466803778425;0.0	6.998940086317404;0.0	7.554294223010948;0.0	7.174916802698786;0.0	6.273591639719743;0.0	
8.081097565916878;0.0	9.06018292305163;0.0	6.9972286317904695;0.0	6.729285218246148;0.0	6.1428242617548765;0.0	
9.607313959755404;0.0	9.220147018787989;0.0	7.845878884098006;0.0	7.389655639098073;0.0	6.702846829408053;0.0	
7.430309587718602;0.0	8.362764384999966;0.0	6.231251504558369;0.0	5.95643866240392;0.0	5.249346013431604;0.0	
6.378022183434568;0.0	7.417946171889759;0.0	4.9428419893206375;0.0	4.810862474888101;0.0	5.316906117864543;0.0	
7.813684976128625;0.0	7.628907336612127;0.0	5.269072410173991;0.0	5.428602494057288;0.0	5.945115177213827;0.0	
8.778847304308215;0.0	8.941797553778716;0.0	5.485605524181782;0.0	6.680012911520627;0.0	5.512309330282879;0.0	
5.9522148845690825;0.0	8.01485087096594;0.0	5.255276627827042;0.0	6.303959186151567;0.0	5.381575704500113;0.0	
5.096315410104795;0.0	7.694807029708911;0.0	5.699595514724966;0.0	6.257068535298867;0.0	5.259803420282242;0.0	
8.959448617313527;0.0	9.848837873000939;0.0	7.908846875702161;0.0	8.588559743976036;0.0	6.685762655128022;0.0	
6.032386799612161;0.0	10.23144643710983;0.0	8.857840080663633;0.0	8.05170958451557;0.0	7.105979618560482;0.0	
7.8257358769623915;0.0	8.852704646651688;0.0	7.104949441180086;0.0	6.200751369089239;0.0	5.379580396070765;0.0	
7.346743825269274;0.0	7.837891042434427;0.0	6.308696605281122;0.0	6.37658073240938;0.0	5.820245712410077;0.0	
7.405180378899787;0.0	8.35640264279875;0.0	7.410659716722489;0.0	7.017927915882137;0.0	5.946574374019871;0.0	
6.449857390173007;0.0	7.4602252749499325;0.0	6.52244091749448;0.0	7.16635623011618;0.0	5.438153203702959;0.0	
6.612312756244827;0.0	7.082014857431307;0.0	6.52583639772053;0.0	5.5426801638774865;0.0	5.205613126441639;0.0	
6.744746691551533;0.0	7.038885720632594;0.0	6.290802723179164;0.0	5.603191753099203;0.0	4.8547219485859365;0.0	
4.764123044991479;0.0	5.064016204537342;0.0	4.631543860020251;0.0	4.6728073357798205;0.0	4.713439985015033;0.0	
8.208519432939049;0.0	9.451597165766898;0.0	7.449719121848852;0.0	6.217071374430643;0.0	5.270591130422875;0.0	
7.4369957895558;0.0	9.239976019837105;0.0	7.814495732678934;0.0	5.466467776160636;0.0	5.861495204531546;0.0	
4.591351409205361;0.0	7.424571195326756;0.0	6.481296074274923;0.0	5.296683088794662;0.0	4.258683781499246;0.0	
4.291837865529719;0.0	6.296176292431488;0.0	4.880407860923158;0.0	4.619443809592901;0.0	4.66256951327815;0.0	
3.0636282220413116;0.0	5.289903684138933;0.0	4.469791918453932;0.0	4.185288348776615;0.0	4.364819783481456;0.0	
5.421828080452564;0.0	6.04250807155669;0.0	6.642397932696572;0.0	6.632452541694183;0.0	6.783898164707396;0.0	
5.634492879174523;0.0	7.871613921475028;0.0	8.648815285159529;0.0	8.416954298482395;0.0	7.4386226067169705;0.0	
5.761832938366778;0.0	9.200287525911698;0.0	9.719788263607137;0.0	8.945294170752685;0.0	9.625373185329336;0.0	
5.908498734719376;0.0	8.988359850983931;0.0	9.742715438216651;0.0	9.018112364261762;0.0	9.953405521185697;0.0	
6.447051542804484;0.0	8.828975733169864;0.0	9.681990092642545;0.0	8.904163007700896;0.0	9.723878261433574;0.0	
6.397342725355266;0.0	8.601066250781857;0.0	9.377637467974173;0.0	8.655815826838056;0.0	9.199470708666006;0.0	
5.8684644138069455;0.0	8.360940379641459;0.0	9.046266998144258;0.0	8.606176859711164;0.0	9.226728018393462;0.0	
7.259039335590643;0.0	7.776567244527354;0.0	8.042062138981938;0.0	7.798868745160374;0.0	8.694386233256497;0.0	
5.882757605527856;0.0	6.3378144353417;0.0	6.5694782076268945;0.0	7.319560165056764;0.0	7.55457169936829;0.0	
4.363774106254005;0.0	6.355330896168604;0.0	6.245149037700877;0.0	6.180731915456404;0.0	7.100656415811591;0.0	
4.660033575609267;0.0	5.581314916063325;0.0	5.325828867263708;0.0	6.154405104310452;0.0	5.938104461722355;0.0	
3.4491148831269482;0.0	5.033680945737902;0.0	4.8561695960115605;0.0	5.149187795310806;0.0	4.534808066802889;0.0	
3.8833733677892606;0.0	4.392420690961994;0.0	4.397659907362539;0.0	4.351305883597475;0.0	4.293474827959959;0.0	
2.7780727705435906;0.0	4.547845617455907;0.0	4.356907293840039;0.0	4.284272560384701;0.0	4.4859763080300565;0.0	
2.7742784580136473;0.0	4.35695107304232;0.0	4.382345562081516;0.0	4.2961815141159425;0.0	4.229883572497982;0.0	
3.1513222810550423;0.0	4.304526103305583;0.0	4.37643834639549;0.0	4.221139252527179;0.0	4.172759590928212;0.0	
2.889016065769867;0.0	4.076988890069792;0.0	4.038193664316325;0.0	4.125660767336303;0.0	4.119300881355589;0.0	
3.3226245528376364;0.0	4.385573730065746;0.0	4.1590874106900575;0.0	4.020067432249683;0.0	4.1180421016044875;0.0	
3.6287789734614213;0.0	4.2234220308779475;0.0	4.044581376593239;0.0	4.1775167330811245;0.0	4.2931408736828125;0.0	
2.460128251859422;0.0	4.167596494215629;0.0	4.158867520494658;0.0	4.112627890471473;0.0	4.121867202560235;0.0	
3.3312272433274006;0.0	4.359766834596599;0.0	3.9325430531053374;0.0	4.163943176546706;0.0	4.102786949277306;0.0	
2.7367101169503054;0.0	4.37650318559468;0.0	4.155784168173676;0.0	4.1348519698030355;0.0	4.114125792494435;0.0	
3.0257558962268183;0.0	4.220049289737678;0.0	4.068967466815079;0.0	4.159636241079666;0.0	4.086529109304121;0.0	
7.744582591159789;0.0	7.756655526954585;0.0	6.276555316177263;0.0	6.101725075815234;0.0	5.732105907552358;0.0	
3.957041648747777;0.0	5.44899305602082;0.0	4.597269229774367;0.0	4.288815295190188;0.0	4.2779677291394105;0.0	
2.492206075638446;0.0	4.3822541171471965;0.0	4.2927107193536935;0.0	4.328895245940371;0.0	4.205289559616968;0.0	
2.540924503166485;0.0	4.333549336701874;0.0	4.079230026841217;0.0	4.231272435749349;0.0	4.346568991092968;0.0	
3.345826202424348;0.0	4.331001352636482;0.0	4.019081348116561;0.0	4.1361674037868825;0.0	4.149322486789335;0.0	
3.677695291350774;0.0	4.073908589811038;0.0	4.05491068089816;0.0	4.000428746104712;0.0	4.250249432080664;0.0	
3.2262467557181247;0.0	4.266471108599828;0.0	4.031920869303969;0.0	4.202270476847379;0.0	4.308438251596239;0.0	
3.0400957707521674;0.0	4.435858951845047;0.0	4.263086427078275;0.0	4.124002354236432;0.0	4.021884773350245;0.0	
3.3458752390486795;0.0	4.324498091585632;0.0	4.241935442123697;0.0	4.247388049259728;0.0	4.156924916712731;0.0	
3.500162877889739;0.0	4.107265699759982;0.0	4.11901053696815;0.0	3.9963785263644263;0.0	4.170488236747623;0.0	
2.656120789026459;0.0	4.248965857580513;0.0	4.024773832658425;0.0	3.9825641148163298;0.0	4.006167040709719;0.0	
3.2088088329288333;0.0	4.284843617143599;0.0	4.111679116348976;0.0	4.079943320605356;0.0	4.2477403132530505;0.0	
3.407698018922075;0.0	4.4231979177922565;0.0	4.041714945639672;0.0	4.354532382652929;0.0	4.137244490800219;0.0	
3.515693792368374;0.0	4.196268278832541;0.0	4.2399453743963775;0.0	4.094266160998485;0.0	4.119235635505439;0.0	
3.2777894354286126;0.0	4.137950665558763;0.0	4.01570990081824;0.0	4.169729236961174;0.0	4.286178809305659;0.0	
3.0946584908024013;0.0	4.21485663035339;0.0	4.204374575094669;0.0	4.2496328411910795;0.0	4.175848912267188;0.0	
2.736376442661567;0.0	4.2678098627082655;0.0	4.129866746996652;0.0	3.959621477111206;0.0	4.0488705273715775;0.0	
2.786492304826213;0.0	4.069465553592472;0.0	4.073497662441155;0.0	4.21103622611261;0.0	4.107081029741369;0.0	
3.080662042685627;0.0	4.130025222338506;0.0	3.954665342693127;0.0	4.09655005441544;0.0	4.277917261841326;0.0	
2.6041242317787727;0.0	4.399504410266659;0.0	3.9975597391567117;0.0	4.049577873956157;0.0	4.137162043357106;0.0	
3.8899926624201195;0.0	4.308343765528611;0.0	4.273471827393227;0.0	4.017864418395209;0.0	4.102654939746153;0.0	
3.03605223179682;0.0	4.254744282600234;0.0	4.3463664532730055;0.0	4.342250305976252;0.0	4.176685535596759;0.0	
3.5667474799395253;0.0	4.133611366697896;0.0	4.234835416858043;0.0	4.408281577310656;0.0	4.202903160134083;0.0	
3.569945420260022;0.0	4.07131804581124;0.0	4.0974163356693225;0.0	4.087263416304749;0.0	4.161663769950466;0.0	
3.439422522799361;0.0	4.358666989854278;0.0	4.075663054972993;0.0	4.1357891909930595;0.0	4.154811102926105;0.0	
2.8976164384558074;0.0	4.147105295901241;0.0	4.1038424743476165;0.0	4.138343426668138;0.0	4.233696490653236;0.0	
3.7182158358333623;0.0	4.198812151299575;0.0	4.18034475313173;0.0	4.295257270691653;0.0	4.139759349164685;0.0	
3.3869332959780123;0.0	4.811157905689824;0.0	4.455179883552008;0.0	4.165646610798697;0.0	4.04235158889784;0.0	
6.432159111671051;0.0	6.650798922719796;0.0	7.5296363942889455;0.0	7.4446556187400414;0.0	7.428029129714918;0.0	
7.307759493623002;0.0	7.92685471280271;0.0	9.246405284469251;0.0	9.633025307256805;0.0	8.079632378491867;0.0	
6.79384079009093;0.0	8.958169231325964;0.0	10.479533458230032;0.0	9.937289822655359;0.0	8.854979125707311;0.0	
6.771148811941443;0.0	9.642407816733055;0.0	10.215469408491773;0.0	9.648627225819963;0.0	9.640071719545174;0.0	
7.819772722707482;0.0	9.172120790887409;0.0	10.158560792990885;0.0	10.045996267251788;0.0	9.625025536080063;0.0	
7.4826286531495905;0.0	9.124658286055448;0.0	10.042128226714647;0.0	9.84418860828394;0.0	10.586438347184044;0.0	
6.3418336222016345;0.0	8.595165438451607;0.0	9.728259110022236;0.0	9.833016177432501;0.0	10.455830229445754;0.0	
7.411809641091178;0.0	8.089340078600769;0.0	9.226428198504703;0.0	9.236541447984331;0.0	8.180702755028095;0.0	
5.812743903450711;0.0	7.929595946926145;0.0	8.2283190208459;0.0	7.83706376540675;0.0	8.09580265731868;0.0	
6.371156670765856;0.0	7.171346332329258;0.0	6.916681384349302;0.0	7.051546936141831;0.0	7.132574018266825;0.0	
5.726800874180997;0.0	6.475889765706814;0.0	6.371770220028329;0.0	6.331926135620801;0.0	6.372023712281873;0.0	
4.134329141143715;0.0	4.763459421244395;0.0	4.597073981762;0.0	4.732385085198566;0.0	4.4096250963190515;0.0	
5.1702068288669665;0.0	5.632267777374677;0.0	5.63128592657215;0.0	6.262771412125153;0.0	6.79490109182143;0.0	
5.258156390329347;0.0	7.1724728731615555;0.0	7.998373567130199;0.0	8.388287153175682;0.0	8.165514138359667;0.0	
5.645309990123455;0.0	8.807818305662256;0.0	9.732824853652124;0.0	9.690102661339244;0.0	10.005330558454503;0.0	
5.401865101629824;0.0	8.919633319615945;0.0	9.861303328886148;0.0	9.633488270596295;0.0	10.09839914446467;0.0	
6.114697824588807;0.0	8.621280232931351;0.0	10.070803946584657;0.0	9.811458307482058;0.0	10.025566671922409;0.0	
6.353388487144879;0.0	8.77608310607326;0.0	10.251547707255828;0.0	9.481458269367852;0.0	10.115997977666792;0.0	
6.93459363149399;0.0	8.907972876006346;0.0	10.192243888579789;0.0	8.99075176754632;0.0	10.183015923154683;0.0	
6.338548659524692;0.0	8.237395906076161;0.0	9.045097940384505;0.0	8.09007082721746;0.0	9.260689527888822;0.0	
5.56055691958989;0.0	6.5763608491048275;0.0	7.217024971108219;0.0	7.206087543983442;0.0	7.73917634551079;0.0	
4.330728092844291;0.0	6.4268853729049304;0.0	6.982816639796409;0.0	6.692587464500398;0.0	7.013371159464401;0.0	
4.640092212113608;0.0	5.6960214968563045;0.0	6.254787117687872;0.0	6.407879083687089;0.0	6.524442504785004;0.0	
1.6028353541576965;0.0	4.645807386958754;0.0	4.999621838619057;0.0	4.991916598592215;0.0	4.941886814512648;0.0	
2.3785380030953043;0.0	4.106857055291641;0.0	4.244318124409324;0.0	4.227159968049152;0.0	4.33291949430467;0.0	
4.047369524866061;0.0	6.08859429413724;0.0	6.515179793455319;0.0	6.738108929511483;0.0	7.115757610195451;0.0	
4.512293470901888;0.0	7.8865940245649995;0.0	9.318957819365409;0.0	8.407402528020269;0.0	9.256307518421783;0.0	
5.705464378086656;0.0	8.692644751524016;0.0	10.121817679119646;0.0	8.593415564585582;0.0	9.781008114006072;0.0	
6.351432837415357;0.0	7.167052659368408;0.0	8.096735832248848;0.0	8.182145060272752;0.0	7.97745004660284;0.0	
4.541493748995984;0.0	6.8288356557272785;0.0	7.24579079508404;0.0	6.789248017757313;0.0	7.4860472904450175;0.0	
5.88305947887118;0.0	6.590141202312944;0.0	6.740111722680945;0.0	7.109430802170313;0.0	7.1373074556956775;0.0	
4.977089340967132;0.0	7.201893139959247;0.0	9.014612959759084;0.0	8.640475395325453;0.0	8.88248180361179;0.0	
5.04363218157224;0.0	8.64801463283715;0.0	10.20983251960454;0.0	9.683899274514527;0.0	9.697090741354636;0.0	
6.877873455354134;0.0	7.062703036029503;0.0	8.515980533461377;0.0	8.619789988139484;0.0	8.35379549051459;0.0	
3.9523375608204003;0.0	6.971749761670265;0.0	7.579039840090457;0.0	7.36123813227826;0.0	7.986841915290287;0.0	
5.101149716860213;0.0	6.7132529488202675;0.0	6.9286608322170355;0.0	6.6217913949995655;0.0	7.109184990810212;0.0	
5.649606538014738;0.0	6.001580651456259;0.0	6.226933382309893;0.0	6.497727223076225;0.0	6.298845256047912;0.0	
6.468013767515403;0.0	6.828988091503972;0.0	8.386305015245565;0.0	8.30953372389831;0.0	8.242106160025767;0.0	
4.770874847628756;0.0	7.482936361159709;0.0	9.700760244262025;0.0	9.891883302065052;0.0	9.829786347002868;0.0	
6.669088127835792;0.0	7.186855934463563;0.0	8.337023284776425;0.0	9.015409829107861;0.0	8.414653199335383;0.0	
4.581807474149443;0.0	7.20193299741319;0.0	7.959143228180035;0.0	7.676320987794591;0.0	7.684818744394604;0.0	
6.14725510483285;0.0	7.040067527055698;0.0	7.1408900985081685;0.0	6.937280661090437;0.0	7.012415554347055;0.0	
6.122943945069501;0.0	6.056596093947601;0.0	6.376252689882967;0.0	6.294317897360914;0.0	6.219624638401548;0.0	
4.422348365455671;0.0	4.898151997147862;0.0	5.147043656010984;0.0	4.781880360236387;0.0	5.106641827601946;0.0	
2.028222757914356;0.0	4.508033155634063;0.0	4.158913035639686;0.0	5.015266140345396;0.0	4.199084536703252;0.0	
3.0751943903851497;0.0	4.447360384884241;0.0	4.279388794818098;0.0	4.064280675529887;0.0	4.12373693203315;0.0	
3.5696168986719137;0.0	4.3693364362939136;0.0	4.282558576523554;0.0	4.104122960491394;0.0	4.1234899899317705;0.0	
4.1384059578175965;0.0	4.184308864003315;0.0	4.159147432786446;0.0	4.106666465608617;0.0	4.1416465245622485;0.0	
3.781264158223291;0.0	5.106363701901295;0.0	5.938111581205065;0.0	5.403794860715927;0.0	5.174875145438248;0.0	
5.181919866269663;0.0	7.021596916841563;0.0	6.738722877197889;0.0	5.988875785074892;0.0	6.0908794674858635;0.0	
8.37092817914386;0.0	8.287348190674532;0.0	5.919838946031483;0.0	6.12699413744578;0.0	6.398394091712724;0.0	
6.352100845123113;0.0	6.293166574226647;0.0	5.10076035933458;0.0	4.843159518486871;0.0	4.391518475548246;0.0	
7.496402077250035;0.0	8.285041258614472;0.0	6.119559504400525;0.0	6.677596961579812;0.0	5.44213025494497;0.0	
7.847837291450103;0.0	10.417342205808344;0.0	6.9634378614227375;0.0	8.683991236209392;0.0	7.184279769223424;0.0	
6.894954104941066;0.0	7.67704027368455;0.0	6.292360479539204;0.0	7.794868924433603;0.0	6.95807672554516;0.0	
5.414394447922108;0.0	6.639487523080011;0.0	5.107292556094743;0.0	6.551612688985932;0.0	7.246478849853561;0.0	
9.6407887609936;0.0	9.725147302226661;0.0	8.659355222367031;0.0	7.719504002959842;0.0	6.680331526208782;0.0	
5.817019959977115;0.0	9.838364915943544;0.0	7.6129018146135685;0.0	7.012892844066046;0.0	7.11938571889032;0.0	
7.024821003773828;0.0	8.817268225351663;0.0	6.464539316663485;0.0	6.180633004263781;0.0	6.0173646459520125;0.0	
8.302967074781828;0.0	8.630517857781456;0.0	5.83747800916915;0.0	5.467086328120533;0.0	6.294843589185246;0.0	
9.14742794457904;0.0	9.424115358156516;0.0	5.440952768172938;0.0	6.384929077010332;0.0	7.342613448838991;0.0	
8.845446982371625;0.0	9.167718792944386;0.0	5.5185181730275366;0.0	6.094942693594832;0.0	7.475016128843786;0.0	
6.838647760384127;0.0	7.13966799803299;0.0	4.821021988902562;0.0	5.521665675253465;0.0	5.4551741373118725;0.0	
5.594665176310518;0.0	5.408268588412838;0.0	4.258606632821479;0.0	4.232608257839609;0.0	4.538884250542453;0.0	
3.827533617558748;0.0	4.45923353350006;0.0	4.2941736368294965;0.0	4.176356053293369;0.0	4.274432305945163;0.0	
3.0831288976656364;0.0	4.175990619365744;0.0	4.177761761629882;0.0	4.11849475426476;0.0	4.2806401769890785;0.0	
3.8874330384743274;0.0	4.158150750308553;0.0	3.9305496083076483;0.0	4.130849746076235;0.0	4.188804577194013;0.0	
3.837009058925564;0.0	4.33244450546002;0.0	4.221597010614005;0.0	4.23417423562892;0.0	4.082154291496065;0.0	
3.5634089807442724;0.0	4.170883805886594;0.0	4.087381369734633;0.0	4.107968024337123;0.0	4.076135994548133;0.0	
3.6113431292407006;0.0	3.9994484510419017;0.0	4.243981472624188;0.0	4.072209883461427;0.0	4.218065807678052;0.0	
3.6997132167562117;0.0	4.340596818290503;0.0	4.107510454061587;0.0	4.020853145282583;0.0	4.133550993826193;0.0	
5.704659879848262;0.0	5.850590211293387;0.0	4.160930278531511;0.0	4.161259987091346;0.0	4.1454020268286;0.0	
4.199406202418597;0.0	4.7622479143692775;0.0	4.132011241941103;0.0	4.274540790260805;0.0	4.205490378632446;0.0	
3.5561820937056563;0.0	3.978226528895438;0.0	4.174227220863686;0.0	4.141739493158012;0.0	4.252528661935342;0.0	
3.6020398907194893;0.0	4.204223283824301;0.0	4.01322573414559;0.0	4.125850929766815;0.0	4.365711134179785;0.0	
3.805495719348648;0.0	4.35391260597427;0.0	4.287892207953993;0.0	4.152154011263796;0.0	4.101890680588433;0.0	
2.9336623751827013;0.0	4.317851513886328;0.0	4.318730123492879;0.0	4.092475874621594;0.0	4.095135638223484;0.0	
3.586034946644553;0.0	4.3372497903594445;0.0	4.14502575747639;0.0	4.173424505900075;0.0	4.248783743941191;0.0	
3.6016136670788748;0.0	4.187055388382154;0.0	4.146335706106042;0.0	4.182715609753354;0.0	4.0825314540309865;0.0	
3.7696286039608813;0.0	5.073638049460441;0.0	4.6201373331388265;0.0	4.552709797044001;0.0	4.461656202323955;0.0	
3.717433667857257;0.0	6.25341183548069;0.0	6.5556138178899115;0.0	5.548092554836283;0.0	5.780421066077444;0.0	
3.0377011597431784;0.0	5.749002183319661;0.0	4.5397601842658935;0.0	5.549296417180927;0.0	4.1462908267014305;0.0	
4.609251513126694;0.0	4.6746532795760976;0.0	4.341880372386336;0.0	4.7067287576446315;0.0	4.271316420549727;0.0	
1.984059450973095;0.0	4.477158462501612;0.0	4.106002285647285;0.0	4.0138760770235455;0.0	4.159616113966849;0.0	
3.018962461507233;0.0	5.035978188889095;0.0	4.147221793643426;0.0	5.280106613586307;0.0	4.182329981909522;0.0	
4.094046825579749;0.0	6.745411314147046;0.0	4.642493711977271;0.0	5.669379874906481;0.0	4.261841947356571;0.0	
4.507867034736734;0.0	6.022070420355255;0.0	4.996984191594626;0.0	5.404573682584739;0.0	4.296635632340097;0.0	
3.8106012371707227;0.0	5.016245673598019;0.0	4.254595078431781;0.0	4.485654562947701;0.0	4.243789221990426;0.0	
3.7228720955133303;0.0	4.2551561041228165;0.0	4.57678936733816;0.0	4.154112969092568;0.0	4.231368368199122;0.0	
3.72553797215268;0.0	4.696600168994714;0.0	3.924584600424462;0.0	4.111519738849976;0.0	4.126938426251257;0.0	
3.7801336706988047;0.0	4.631612063826614;0.0	4.087190111858937;0.0	4.158346312776497;0.0	4.253971900838154;0.0	
2.8636657123762186;0.0	4.20750053254012;0.0	3.8899832556507;0.0	4.103071123021499;0.0	4.207774003173804;0.0	
2.7020253072237272;0.0	4.263041540683242;0.0	4.399838025044283;0.0	4.064123531087765;0.0	4.222730640111675;0.0	
3.7264612419950507;0.0	4.364272187130621;0.0	4.062964475476237;0.0	4.142282372733029;0.0	4.2197621136222345;0.0	
3.2180345430549924;0.0	5.810389048469555;0.0	5.44017134755056;0.0	4.994553608248332;0.0	5.198674777429348;0.0	
3.038459557261964;0.0	4.309246074388983;0.0	4.068883446850975;0.0	4.066621164286965;0.0	4.111242602519135;0.0	
3.088601930362884;0.0	4.316126024369205;0.0	4.308799331739494;0.0	4.1749075329006144;0.0	4.1465227749218725;0.0	
3.5549585969616215;0.0	4.3832357544632545;0.0	4.216586678178908;0.0	4.160528583853665;0.0	4.021897063541949;0.0	
2.789014092550701;0.0	5.457807524885761;0.0	4.932073411158952;0.0	4.257463081949354;0.0	4.368216079405774;0.0	
3.6968012695147277;0.0	4.253406265486864;0.0	4.101086593740131;0.0	4.220497581237601;0.0	4.15530206521293;0.0	
3.558984883933291;0.0	4.505244845300513;0.0	4.337187755643503;0.0	4.077870289376814;0.0	4.259488334362865;0.0	
